1000000000 1 1.573857 1.576574 1.686881 1.590677 1.576231
1000000000 2 1.196399 1.031089 1.027609 1.017935 1.023923
1000000000 4 0.733996 0.605207 0.628671 0.678921 0.613410
1000000000 6 0.447432 0.396837 0.462500 0.604626 0.401535
1000000000 8 0.320114 0.443835 0.384633 0.369099 0.367581
1000000000 12 0.411022 0.413036 0.446078 0.442923 0.392707
2000000000 1 3.968173 3.946771 3.960248 3.948322 3.948073
2000000000 2 2.816612 2.816896 2.815598 2.817382 2.822358
2000000000 4 2.570897 2.507725 2.379643 2.425678 2.359441
2000000000 6 2.278639 2.291142 2.264681 2.252839 2.255644
2000000000 8 2.298541 2.279861 2.336869 2.307828 2.232508
2000000000 12 2.525435 2.524929 2.518011 2.450576 2.536149
3000000000 1 6.538426 6.509798 6.517974 6.523831 6.516816
3000000000 2 4.897240 4.895823 4.884330 4.884283 4.883806
3000000000 4 4.283362 4.308507 4.485133 4.266702 4.407359
3000000000 6 4.184337 4.142035 4.131733 4.185461 4.192529
3000000000 8 4.257301 4.243045 4.249583 4.272780 4.252403
3000000000 12 4.565167 4.550915 4.536930 4.997195 4.969135
4000000000 1 9.995208 9.802989 9.671420 10.002671 9.657129
4000000000 2 7.404829 6.855790 6.838545 6.847455 6.846882
4000000000 4 6.185800 6.138577 6.301363 6.149543 6.380829
4000000000 6 5.922926 5.994720 5.968405 5.963723 5.994558
4000000000 8 6.141796 6.122689 6.130454 6.126853 6.139505
4000000000 12 6.538646 6.546724 6.540890 6.522472 6.538697
5000000000 1 11.915008 11.886814 11.905082 11.902565 11.893586
5000000000 2 8.881765 8.898272 8.896560 8.891180 8.894578
5000000000 4 7.969227 8.117715 8.032659 8.139466 8.119387
5000000000 6 7.884356 7.863451 7.849619 7.818320 7.837060
5000000000 8 8.060285 8.050593 8.069618 8.058264 8.079159
5000000000 12 8.588087 8.557292 8.546728 8.537968 8.544164
6000000000 1 14.549501 14.587867 14.547579 14.558661 14.537816
6000000000 2 11.119738 10.898284 10.906704 10.897039 11.053578
6000000000 4 9.817398 10.013113 9.989867 10.225267 10.156395
6000000000 6 9.679911 9.677335 9.686757 9.682604 9.729063
6000000000 8 9.942549 9.963129 9.953841 9.945928 9.928351
6000000000 12 10.592008 10.602292 10.598630 10.597944 10.593808
7000000000 1 17.354196 17.358055 17.377890 17.345092 17.353609
7000000000 2 13.023715 13.062271 13.028037 13.200812 13.116011
7000000000 4 11.774368 11.980533 11.995019 12.004993 12.401363
7000000000 6 11.635692 11.716406 11.639475 11.640578 11.636893
7000000000 8 11.909891 11.904301 11.918490 11.927172 11.928777
7000000000 12 12.704235 12.690966 12.703496 12.702237 12.719591
8000000000 1 20.296479 20.267962 20.239953 20.239605 20.269629
8000000000 2 15.269485 15.323949 15.243756 15.275045 15.254875
8000000000 4 13.816862 14.032311 14.528708 14.222952 14.149970
8000000000 6 13.632648 13.581962 13.625115 13.618869 13.640870
8000000000 8 13.973216 13.978875 13.968591 13.996486 13.958794
8000000000 12 14.864142 14.857139 14.835024 14.833820 14.836087
9000000000 1 23.184847 23.157845 23.140650 23.154937 22.985399
9000000000 2 17.342188 17.501886 17.582528 17.484005 17.310234
9000000000 4 16.063720 15.979282 15.919726 16.320604 16.062382
9000000000 6 15.353681 15.314298 15.314565 15.379093 15.367420
9000000000 8 15.766317 15.767454 15.733060 15.782314 15.781421
9000000000 12 16.796355 16.814152 16.781704 16.760512 16.784717
10000000000 1 26.162383 25.965453 26.078570 26.038823 26.066753
10000000000 2 19.780497 19.794990 19.774237 19.778436 19.768214
10000000000 4 18.368333 17.837257 18.031463 18.297872 18.186332
10000000000 6 17.550651 17.595759 17.516881 17.630082 17.539319
10000000000 8 18.007684 17.983313 17.987536 17.979307 17.987237
10000000000 12 19.158604 19.113153 19.099124 19.203830 19.111300
