1000 1 0.000001 0.000001 0.000001 0.000001 0.000001
1000 2 0.000002 0.000002 0.000002 0.000002 0.000002
1000 4 0.000002 0.000003 0.000003 0.000002 0.000002
1000 6 0.000003 0.000003 0.000003 0.000003 0.000003
1000 8 0.000004 0.000004 0.000004 0.000004 0.000004
10000 1 0.000004 0.000004 0.000004 0.000004 0.000004
10000 2 0.000003 0.000003 0.000003 0.000003 0.000003
10000 4 0.000004 0.000003 0.000004 0.000003 0.000003
10000 6 0.000004 0.000011 0.000004 0.000005 0.000004
10000 8 0.000005 0.000005 0.000005 0.000005 0.000005
10000 12 0.007994 0.016812 0.007711 0.007066 0.004997
100000 1 0.000038 0.000038 0.000038 0.000038 0.000038
100000 2 0.000024 0.000024 0.000024 0.000021 0.000021
100000 4 0.000015 0.000012 0.000013 0.000019 0.000015
100000 6 0.000015 0.000015 0.000015 0.000015 0.000022
100000 8 0.000014 0.000015 0.000015 0.000015 0.000015
100000 12 0.012095 0.003996 0.000446 0.002857 0.010365
1000000 1 0.000411 0.000413 0.000478 0.000453 0.000420
1000000 2 0.000212 0.000212 0.000216 0.000235 0.000212
1000000 4 0.000152 0.000110 0.000110 0.000110 0.000136
1000000 6 0.000133 0.000129 0.000112 0.000111 0.000133
1000000 8 0.000102 0.000102 0.000102 0.000102 0.000102
1000000 12 0.008155 0.006769 0.007530 0.007952 0.000331
10000000 1 0.004880 0.005017 0.005038 0.004958 0.004905
10000000 2 0.002589 0.002436 0.002438 0.002441 0.002406
10000000 4 0.001299 0.001215 0.001225 0.001293 0.001958
10000000 6 0.001417 0.001420 0.001446 0.001438 0.001434
10000000 8 0.001080 0.001078 0.001078 0.001081 0.001066
10000000 12 0.001229 0.003153 0.010020 0.002782 0.003906
100000000 1 0.059371 0.059820 0.117296 0.057578 0.158364
100000000 2 0.040383 0.034268 0.030155 0.029977 0.031742
100000000 4 0.021894 0.019050 0.038130 0.020802 0.019139
100000000 6 0.019492 0.016411 0.020009 0.017869 0.019505
100000000 8 0.013734 0.015096 0.013813 0.018589 0.013999
100000000 12 0.011708 0.016231 0.012586 0.011606 0.012032
