1000000000 1.603917 1.593854 1.591912 1.597545 1.595566
2000000000 3.982605 3.981335 3.988344 3.986777 3.982337
3000000000 6.465845 6.472282 6.457865 6.472708 6.459129
4000000000 9.004025 8.999879 9.001061 8.996299 9.001069
5000000000 11.727380 11.671538 11.717162 11.671950 11.721697
6000000000 14.461090 14.455585 14.448845 14.452450 14.467966
7000000000 17.378532 17.254023 17.264893 17.264906 17.274197
8000000000 20.107176 20.106060 20.111073 20.113968 20.121346
9000000000 23.014072 23.032127 23.002384 23.035276 23.016354
10000000000 25.904097 25.961227 25.943504 25.901064 26.037292
